850 4234560
1120 5678900
920 4890000
750 3750000
1080 5400000
940 4700000
880 4560000
1250 6250000
980 4900000
720 3600000
1010 5050000
890 4450000
970 4850000
1040 5200000
760 3800000
1180 5900000
950 4750000
870 4350000
1200 6000000
930 4650000
740 3700000
1090 5450000
880 4400000
1020 5100000
850 4250000
1230 6150000
960 4800000
890 4450000
980 4900000
1000 5000000
750 3750000
1050 5250000
920 4600000
880 4400000
1150 5750000
940 4700000
770 3850000
1210 6050000
950 4750000
1100 5500000
890 4450000
980 4900000
740 3700000
1020 5100000
920 4600000
870 4350000
1040 5200000
1080 5400000
850 4250000
720 3600000
850 4234560
740 3700000
1040 5200000
980 4900000
872 4356000  
1045 5638900  
938 4789000  
765 3824000  
1105 5320000  
897 4632000  
812 4190000  
1283 6485000  
967 4852000  
703 3546000  
1017 5039000  
889 4438000  
935 4721000  
1024 5189000  
750 3782000  
1193 5947000  
951 4713000  
861 4322000  
1217 6078000  
928 4682000  
749 3698000  
1094 5467000  
874 4385000  
1032 5123000  
848 4232000  
1229 6142000  
961 4826000  
893 4459000  
972 4893000  
1007 4972000  
743 3726000  
1078 5319000  
914 4598000  
869 4374000  
1159 5743000  
933 4669000  
761 3840000  
1224 6038000  
954 4785000  
1108 5536000  
876 4402000  
988 4938000  
741 3674000  
1047 5172000  
921 4649000  
870 4363000  
1052 5219000  
1091 5428000  
858 4289000 
850 4234560
740 3700000
1040 5200000
980 4900000
720 3600000
720 3600000
850 4234560
740 3700000
1040 5200000
980 4900000
720 3600000
850 4234560
740 3700000
1040 5200000
980 4900000
4555.0 22670199.696530417
720 3600000
850 4234560
740 3700000
1040 5200000
980 4900000
6785.0 33753609.61230033
200 1000000
100 500000
50 250000
400 2000000
800 4000000
6785.0 33764128.177323356
